DISTANCE MATRIX(horn)
		SLM_NIH_Bv4v5--1St_152_Metro_North(5)	SLM_NIH_Bv4v5--1St_114_Hardinsburg(6)	SLM_NIH_Bv4v5--1St_107_Burkburnett(7)	SLM_NIH_Bv4v5--1St_86_MONTICELLO(93)	SLM_NIH_Bv4v5--1St_130_IowaCity(94)	SLM_NIH_Bv4v5--1St_102_Vancouver_Marinepark(95)	SLM_NIH_Bv4v5--1St_87_ALBERTVILLE(96)
SLM_NIH_Bv4v5--1St_152_Metro_North(5)	0.0	1.5285859960689763e-05	0.008698305634270653	0.0014478405193552035	0.0009991657043192381	0.0003613416479786302	2.3788568545457522e-05
SLM_NIH_Bv4v5--1St_114_Hardinsburg(6)	1.5285859960689763e-05	0.0	0.008127390049075256	0.001183798800135194	0.0007811083635635985	0.00023348135898793032	2.15459227648207e-06
SLM_NIH_Bv4v5--1St_107_Burkburnett(7)	0.008698305634270653	0.008127390049075256	0.0	0.0033414641373890053	0.004072957647313191	0.005752277989846566	0.008146983825952692
SLM_NIH_Bv4v5--1St_86_MONTICELLO(93)	0.0014478405193552035	0.001183798800135194	0.0033414641373890053	0.0	4.182888969506138e-05	0.00036729104409849445	0.001166098589800102
SLM_NIH_Bv4v5--1St_130_IowaCity(94)	0.0009991657043192381	0.0007811083635635985	0.004072957647313191	4.182888969506138e-05	0.0	0.00016125556236468164	0.0007665065408024585
SLM_NIH_Bv4v5--1St_102_Vancouver_Marinepark(95)	0.0003613416479786302	0.00023348135898793032	0.005752277989846566	0.00036729104409849445	0.00016125556236468164	0.0	0.00022475149426559593
SLM_NIH_Bv4v5--1St_87_ALBERTVILLE(96)	2.3788568545457522e-05	2.15459227648207e-06	0.008146983825952692	0.001166098589800102	0.0007665065408024585	0.00022475149426559593	0.0

